(text) Generate a plot of the first 1000 numbers in the NotFibonnacci sequence [5 points]
Hint: You will encounter an issue with the numbers being very large. When this happens, simply
explain what the problem is and include your plot.


The problem I ran into when generating a plot for the first 1000 numbers in the NotFibonnacci sequence is that it went into
the negatives and it wasn't the correct length. The numbers kept decreasing or staying the same length, instead of generating
the long number it was meant to.

This is what my terminal output:

Number of terms: 1000
0
1
2
7
20
61
182
547
1640
4921
14762
44287
132860
398581
1195742
3587227
10761680
32285041
96855122
290565367
871696100
2615088301
7845264902
23535794707
70607384120
211822152361
635466457082
1906399371247
5719198113740
17157594341221
51472783023662
154418349070987
463255047212960
1389765141638881
4169295424916642
12507886274749927
37523658824249780
112570976472749341
337712929418248022
1013138788254744067
3039416364764232200
9118249094292696601
8908003209168538186
8277265553796062943
6385052587678637212
708413689326360021
2125241067979080062
6375723203937240187
680425538102168944
2041276614306506833
6123829842919520498
-75254544950990121
-225763634852970364
-677290904558911091
-2031872713676733274
-6095618141030199821
159889650618952152
479668951856856457
1439006855570569370
4317020566711708111
-5495682373574427284
1959696952986269765
5879090858958809294
-809471496833123733
-2428414490499371200
-7285243471498113599
-3408986340784789182
8219785051355184071
6212611080356000596
191089167358450173
573267502075350518
1719802506226051555
5159407518678154664
-2968521517675087623
-8905564553025262870
-8269949585366236993
-6363104682389159364
-642569973457926475
-1927709920373779426
-5783129761121338277
1097354790345536784
3292064371036610353
-8570550960599720558
-7264908808089610057
-3347982350559278556
8402797022031715949
6761646992385596230
1838196903447237075
5514590710341711224
-1902971942684417943
-5708915828053253830
1319996589549790127
3959989768649370380
-6566774767761440475
-1253580229574769810
-3760740688724309429
7164522007536623328
3046821948900318369
9140465846700955106
8974653466393313703
8477216325470389492
6984904902701616861
2507970634395298966
7523911903185896899
4124991635848139080
-6071769166165134375
231436575214148490
694309725642445471
2082929176927336412
6248787530782009237
299618518636476094
898855555909428283
2696566667728284848
8089700003184854545
5822355935845012018
-979676266174515561
-2939028798523546684
-8817086395570640051
-8004515113002368538
-5566801265297553997
1746340277816889624
5239020833450668873
-2729681573357544998
-8189044720072634993
-6120390086508353364
85573814184491525
256721442553474574
770164327660423723
2310492982981271168
6931478948943813505
2347692773121888898
7043078319365666695
2682490884387448468
8047472653162345405
5695673885777484598
-1359722416377097821
-4079167249131293464
6209242326315671225
180982905237462058
542948715712386175
1628846147137158524
4886538441411475573
-3787128749475124898
7085357825284176923
2809329402142979152
8427988206428937457
6837220545577260754
2064917563022230647
6194752689066691940
137513993490524205
412541980471572614
1237625941414717843
3712877824244153528
-7308110600977091031
-3477587729221721478
8013980886044387183
5595198584423609932
-1661148320438721819
-4983444961316165458
3496409189761055243
-7957516504426385888
-5425805439569606047
2169327755000733474
6507983265002200423
1077205721297049652
3231617163891148957
-8751892582036104746
-7808933672398762621
-4980056943486736248
3506573243249342873
-7927024343961522998
-5334328958175017377
2443757199184499484
7331271597553498453
3547070718950943742
-7805531916856720389
-4969851676860609552
3537189043127722961
-7835176944326382734
-5058786759269596585
3270383795900761860
-8635592686007266035
-7460033984312246490
-3933357879227187853
6646670436027988056
1493267234374412553
4479801703123237658
-5007338964339838641
3424727180690035692
-8172562531639444539
-6070943521208782002
233913510083205611
701740530249616832
2105221590748850497
6315664772246551490
500250243030102855
1500750729090308564
4502252187270925693
-4939987511896774538
3626781538019228003
-7566399459651867608
-4252454305246051207
5689381157971397994
-1378600599795357633
-4135801799386072900
6039338675551332917
-328728047055552866
-986184141166658597
-2958552423499975792
-8875657270499927375
-8180227737790230510
-6093939139661139913
164926654726131876
494779964178395629
1484339892535186886
4453019677605560659
-5087685040892869640
3183688951030942697
-8895677220616723526
-8240287588140618961
-6274118690712305268
-375611998427364187
-1126835995282092562
-3380507985846277685
8305220116170718560
6468916274802604065
960004750698260578
2880014252094781735
8640042756284345204
7473384195143483997
3973408511720900374
-6526518538546850493
-1132811541930999864
-3398434625792999591
8251440196330552842
6307576515282106911
475985472136769116
1427956416410307349
4283869249230922046
-5595136326016785477
1661335095659195184
4984005286977585553
-3494728212776794958
7962559435379166743
5440934232427948612
-2123941376425705779
-6371824129277117338
-668728314121800397
-2006184942365401192
-6018554827096203575
391079592420940890
1173238777262822671
3519716331788468012
-7887595078344147579
-5216041161322891122
2798620589740878251
8395861769222634752
6740841233958352641
1775779628165506306
5327338884496518919
-2464727420219994860
-7394182260659984579
-3735802708270402122
7239335948898345251
3271263772985484136
-8632952754753099207
-7452114190549746006
-3909598497939686401
6717948579890492412
1707101665961925621
5121304997885776862
-3082829080052221029
9198256833552888528
9148026426949113969
8997335207137790290
8545261547703819255
7189040569401906148
3120377634496166829
-9085611170221051130
-8810089436953601773
-7983524237151253704
-5503828637744209495
1935258160476923130
5805774481430769391
-1029420629417243444
-3088261888251730331
9181958408954360622
9099131153153530251
8850649385751039136
8105204083543565793
5868868176921145762
-840139542946114329
-2520418628838342988
-7561255886515028963
-4237023585835535274
5735673316202945795
-1239724125100714232
-3719172375302142695
7289226947803123530
3420936769699818975
-8183933764610094692
-6105057220120732459
131572413347354238
394717240042062715
1184151720126188144
3552455160378564433
-7789378592573858318
-4921391704012023337
3682568961673481604
-7399037188689106803
-3750367492357768794
7195641596636245235
3140180716199184088
-9026201925111999351
-8631861701626446438
-7448841031169787697
-3899779019799811476
6747407014310117189
1795476969220799950
5386430907662399851
-2287451350722352064
-6862354052167056191
-2140318082791616958
-6420954248374850873
-816118671415001004
-2448356014245003011
-7345068042735009034
-3588460054495475485
7681363910223125160
4597347656959823865
-4654701102830080022
4482640765219311551
-4998821778051616964
3450278739554700725
-8095907855045449442
-5840979491426796709
923805599429161488
2771416798287484465
8314250394862453394
6496007110877808567
1041277258923874084
3123831776771622253
-9075248743394684858
-8779002156474502957
-7890262395713957256
-5224043113432320151
2774614733412591162
8323844200237773487
6524788527003768844
1127621507301754917
3382864521905264750
-8298150507993757365
-6447707450271720480
-896378277105609823
-2689134831316829470
-8067404493950488409
-5755469408141913612
1180335849283810781
3541007547851432342
-7823721430155254589
-5024420216756212152
3373483423440915161
-8326293803386806134
-6532137336450866785
-1149667935643048740
-3449003806929146219
8099732652922112958
5852453885056787259
-889382418539189840
-2668147255617569519
-8004441766852708558
-5566581226848574057
1747000393163829444
5241001179491488333
-2723740535235086618
-8171221605705259853
-6066920743406227944
245981843490867785
737945530472603354
2213836591417810063
6641509774253430188
1477785249050738949
4433355747152216846
-5146676832252901077
3006713576950848384
9020140730852545153
8613678118848083842
7394290282834699911
3736126774794548116
-7238363749325907267
-3268347174268170186
8641702550905041059
7478363579005571560
3988346663307163065
-6481704083788062422
-998368177654635649
-2995104532963906948
-8985313598891720843
-8509196722965610914
-7080846095187281125
-2795794211852291760
-8387382635556875279
-6715403832961074222
-1699467425173671049
-5098402275521013148
3151537247146512173
-8992132332270015098
-8529652923100493677
-7142214695591929416
-2979900013066236631
-8939700039198709894
-8372356043886578065
-6670324057950182580
-1564228100140996123
-4692684300422988370
4368691172440586507
-5340670556387792096
2424732404546175329
7274197213638525986
3375847567206026343
-8319201372091472588
-6510860042564866147
-1085836053985046826
-3257508161955140477
8674219587844130184
7575914689822838937
4280999995758965194
-5603744086432656033
1635511814411583516
4906535443234750549
-3727137744005299970
7265330841693651707
3349248451371403504
-8398998719595341103
-6750252085076471694
-1804012181519863465
-5412036544559590396
2210634440030780429
6631903320092341286
1448965886567472243
4346897659702416728
-5406051094602301431
2228590789902647322
6685772369707941967
1610573035414274284
4831719106242822853
-3951586754981083058
6591983808766302443
1329207352589355712
3987622057768067137
-6483877900405350206
-1004889627506499001
-3014668882519497004
-9044006647558491011
-8685275868965921418
-7609083533188212637
-4380506525855086296
5305224496144292729
-2531070585276673430
-7593211755830020289
-4332891193780509252
5448070492368023861
-2102532596605480034
-6307597789816440101
-476049295739768688
-1428147887219306063
-4284443661657918190
5593413088735797047
-1666504807502160476
-4999514422506481427
3448200806190107334
-8102141655139229613
-5859680891708137224
867701398585139945
2603104195755419834
7809312587266259503
4981193688089226892
-3503163009441870939
7937255045383938798
5365021062442264779
-2351680886382757280
-7055042659148271839
-2718383903735263902
-8155151711205791705
-6018711059907823500
390610893986081117
1171832681958243350
3515498045874730051
-7900249936085361464
-5254005734546532775
2684726870069953290
8054180610209859871
5715797756920027996
-1299350802949467627
-3898052408848402882
6752586847164342971
1811016467783477296
5433049403350431889
-2147595863658255950
-6442787590974767849
-881618699214751932
-2644856097644255795
-7934568292932767386
-5356960805088750541
2375861658443299992
7127584975329899977
2936010852280148314
8808032556840444943
7977353596811783212
5485316716725798021
-1990793923532157554
-5972381770596472661
529598761920133632
1588796285760400897
4766388857281202690
-4147577501865943545
6004011568111720980
-434709369374388675
-1304128108123166026
-3912384324369498077
6709591100601057384
1682029228093620537
5046087684280861610
-3308481020866966785
8521301011108651260
7117158959616402165
2904732805139654878
8714198415418964635
7695851172547342288
4640809443932475249
-4524315741912125870
4873796847973174007
-3825353529790029596
6970683484339462829
2465306379308836870
7395919137926510611
3741013340069980216
-7223704053499610967
-3224368086789281286
8773639813341707759
7874175366315571660
5175782025237163365
-2919397997998061522
-8758193993994184565
-7827837908273002080
-5036769651109454623
3336435120381187746
-8437438712565988377
-6865572063988413516
-2149972118255688931
-6449916354767066794
-903004990591648765
-2709014971774946296
-8127044915324838887
-5934390672264965046
643572056914656479
1930716170743969436
5792148512231908309
-1070298537013826690
-3210895611041480069
8814057240585111408
7995427648045782609
5539538870427796210
-1828127462426162985
-5484382387278488956
1993596911874084749
5980790735622254246
-504371866842788877
-1513115600528366632
-4539346801585099895
4828703668954251930
-3960633066846795825
6564844873169164140
1247790545797940805
3743371637393822414
-7216629161528084373
-3203143410874701504
8837313841085447105
8065197449546789698
5748848274930817479
-1200199248917099180
-3600597746751297539
7644950833455658998
4488108426657425379
-4982418793737275480
3499487692497725177
-7948280996216376086
-5398098914939576641
2252447328890821692
6757341986672465077
1825281886307843614
5475845658923530843
-2019207096938959088
-6057621290816877263
273880201258919826
821640603776759479
2464921811330278436
7394765433990835309
3737552228262954310
-7234087388920688685
-3255518093052514440
8680189794552008297
7593825309946473274
4334731856129868207
-5442548505319946996
2119098557749710629
6357295673249131886
625142946037844043
1875428838113532128
5626286514340596385
-1567884530687762462
-4703653592063287385
4335783297519689460
-5439394181150483235
2128561530258101910
6385684590774305731
710309698613365576
2130929095840096729
6392787287520290186
731617788851318943
2194853366553956828
6584560099661870485
1306936225276059838
3920808675828179515
-6684318046225013072
-1606210064965487599
-4818630194896462798
3990853489020163223
-6474183606649061948
-975806746237634227
-2927420238712902682
-8782260716138708045
-7900038074706572520
-5253370150410165943
2686633622479053786
8059900867437161359
5732958528601932460
-1247868487903754235
-3743605463711262706
7215927682575763499
3201038974017738880
-8843627151656334975
-8084137381259453310
-5805668070068808313
1029739863503126676
3089219590509380029
-9179085302181411530
-9090511832834682973
-8824791424794497304
-8027630200673940295
-5636146528312269270
1538304488772743807
4614913466318231420
-4602003674754857355
4640733049444979550
-4524544925374612965
4873109297585712720
-3827416180952413455
6964495530852311250
2446742518847382135
7340227556542146404
3573938595916887597
-7724928285958888826
-4728040784167114861
4262621721208207032
-5658878910084930519
1470107343454760058
4410322030364280175
-5215777982616711092
2799410125859418341
8398230377578255022
6747947059025213451
1797097103366088736
5391291310098266209
-2272870143414752990
-6818610430244258969
-2009087217023225292
-6027261651069675875
364959120500523990
1094877361501571971
3284632084504715912
-8592847820195403879
-7331799386876660022
-3548654086920428449
7800781812948266268
4955601365135247189
-3579939978303810050
7706924138798121467
4674028342684812784
-4424659045655113263
5172766936744211826
-2928443263476916137
-8785329790430748412
-7909245297582693619
-5280991819038529242
2603768616593963891
7811305849781891672
4987173475636123401
-3485223646801181414
7991073133306007375
5526475326208470508
-1867318095084140091
-5601954285252420274
1640881217952290795
4922643653856872384
-3678813112138934463
7410304737292748226
3784170138168693063
-7094233659203472428
-2835956903900865667
-8507870711702597002
-7076868061398239389
-2783860110485166552
-8351580331455499655
-6607996920656947350
-1377246688261290433
-4131740064783871300
6051523879357937717
-292172435635738466
-876517306907215397
-2629551920721646192
-7888655762164938575
-5219223212785264110
2789074435353759287
8367223306061277860
6654925844474281965
1518033459713294278
4554100379139882835
-4784442936289903112
4093415264839842281
-6166498279190024774
-52750763860522705
-158252291581568116
-474756874744704347
-1424270624234113042
-4272811872702339125
5628308455602534240
-1561818706901948895
-4685456120705846686
4390375711592011559
-5275616938933516940
2619893256909000797
7859679770727002390
5132295238471455555
-3049858358295184952
-9149575074885554855
-9001981150947112950
-8559199379131787233
-7230854063685810084
-3245818117347878635
8709289721665915710
7681125091288195515
4596631200155034928
-4656850473244446831
4476192653976211122
-5018166111780918249
3392245738366796868
-8270006858609161011
-6363276502117931418
-643085432644242637
-1929256297932727912
-5787768893798183735
1083437392315000410
3250312176945001231
-8695807542874547924
-7640678554914092155
-4475291591032724850
5020869300611377067
-3384136171875420416
8294335558083290369
6436262600540319490
862043727911406855
2586131183734220564
7758393551202661693
4828436579898433462
-3961434334014251229
6562441071666797928
1240579141290842169
3721737423872526506
-7281531802091972097
-3397851332566364676
8253190076010457589
6312826154321821150
491734389255911835
1475203167767735504
4425609503303206513
-5169915563799932078
2936997382309755383
8810992146929266148
7986232367078246829
5511953027525188870
-1910884991133985005
-5732654973401955016
1248779153503686569
3746337460511059706
-7207731692176372497
-3176451002819565876
8917391065250853989
8305429122043010350
6469543292419479435
961885803548886688
2885657410646660065
8656972231939980194
7524172622110388967
4125773792621615284
-6069422695844705763
238475986175434326
715427958526302979
2146283875578908936
6438851626736726809
869810806500628810
2609432419501886431
7828297258505659292
5038147701807426261
-3332300968287272834
8449841168847733115
6902779432833647728
2261594224791391569
6784782674374174706
1907603949412972503
5722811848238917508
-1278308528992799091
-3834925586978397274
6941967312774359795
2379157864613527768
7137473593840583305
2965676707812198298
8897030123436594895
8244346296600233068
6286294816091147589
412140374563891150
1236421123691673451
3709263371075020352
-7318953960484490559
-3510117807743920062
7916390650477791431
5302427877723822676
-2539460440538083587
-7618381321614250762
-4408399891133200669
5221544400309949608
-2782110872779702791
-8346332618339108374
-6592253781307773505
-1330017270213768900
-3990051810641306699
6476588641785631518
983021851647342939
2949065554942028816
8847196664826086449
8094845920768707730
5837793688596571575
-933363007919836892
-2800089023759510675
-8400267071278532026
-6754057140126044461
-1815427346668581768
-5446282040005745303
2107897953692315706
6323693861076947119
524337509521289740
1573012528563869221
4719037585691607662
-4289631316634728629
5577850123805365728
-1713193702293454431
-5139581106880363294
3028000753068461735
9084002259205385204
8805262703906603997
7969044038010260374
5460388040321229507
-2065579952745863096
-6196739858237589287
-143475501003216246
-430426503009648737
-1291279509028946212
-3873838527086838635
6825228492449035710
2028941403637555515
6086824210912666544
-186271440971551983
-558814322914655950
-1676442968743967849
-5029328906231903548
3358757355013840973
-8370472008668028698
-6664671952294534477
-1547271783174051816
-4641815349522155447
4521298025143085274
-4882849998280295793
3798194078868664236
-7052161837103558907
-2709741437601125106
-8129224312803375317
-5940928864700574336
623957479607828609
1871872438823485826
5615617316470457479
-1599892124298179180
-4799676372894537539
4047714955025938998
-6303599208631734621
-464053552185652248
-1392160656556956743
-4176481969670870230
5917298164696940927
-694849579618728836
-2084548738856186507
-6253646216568559522
-314194575996126949
-942583727988380848
-2827751183965142543
-8483253551895427630
-7003016581976731273
-2562305672220642204
-7686917016661926611
-4614006976276228218
4604723144880866963
-4632574639066950728
4549020156508699433
-4799683604183453318
4047693261159191663
-6303664290231976628
-464248796986378267
-1392746390959134802
-4178239172877404405
5912026555077338400
-710664408477536415
-2131993225432609246
-6395979676297827737
-741194955183931596
-2223584865551794787
-6670754596655384362
-1565519716256601469
-4696559148769804408
4357066627400138393
-5375544191509136438
2320111499182142303
6960334497546426908
2434259418929729109
7302778256789187326
3461590696658010363
-8061971983735520528
-5739171877497009967
1229228441218521714
3687685323655565143
-7383688102742856188
-3704320234519016947
7333783370152500774
3554606036747950707
-7782925963465699496
-4902033816687546871
3740642623646911002
-7224816202768818609
-3227704534596904212
8763630469918838981
7844147336046965326
5085697934431344363
-3189650270415518528
8877793262462996033
8186635713679436482
6113163067328757831
-107254871723278124
-321764615169834371
-965293845509503114
-2895881536528509341
-8687644609585528024
-7616189755047032455
-4401825191431545750
5241268499414914367
-2722938575464808516
-8168815726394425547
-6059703105473725026
267634757288376539
802904271865129616
2408712815595388849
7226138446786166546
3231671266648948023
-8751730273762707548
-7808446747578571027
-4978596169026161466
3510955566631067219
-7913877373816349960
-5294888047739498263
2562079930491056826
7686239791473170479
4611975300709959820
-4610818171579672155
4614289558970535150
-4603875396797946165
4635117883315713120
-4541390423762412255
4822572802422314850
-3979025666442607065
6509667074381730420
1082257149435639645
3246771448306918934
-8706429728788794813
-7672545112656832824
-4570891264260946855


Process finished with exit code 0
